compute_single_map(model, generator, 0.5, 0.2, 0.4)
mAP: 0.2860991179454036
[0.71113498 0.26326964 0.38985865 0.52057348 0.63839286 0.54608295
 0.52058824 0.18410042 0.37202865 0.08465608 0.48876404 0.37457045
 0.33333333 0.15296804 0.36039176 0.57109005 0.51804124 0.525
 0.40998831 0.47331391 0.68845869 0.72727273 0.68181818 0.72030812
 0.04806202 0.25720721 0.00384615 0.15267176 0.15134804 0.27058824
 0.25907591 0.13513514 0.11538462 0.32928828 0.11111111 0.08602151
 0.22251082 0.33072917 0.34821429 0.1609638  0.17596419 0.24136086
 0.05666667 0.02590674 0.00719424 0.15820406 0.16661012 0.22519189
 0.26271186 0.24768792 0.29406415 0.16789092 0.16666667 0.49292929
 0.31023284 0.25308642 0.18500194 0.32702703 0.17230873 0.34931507
 0.20410156 0.48       0.37966805 0.41707317 0.20238095 0.07006369
 0.38671875 0.1307815  0.28333333 0.21763085 0.         0.25
 0.20974576 0.02       0.36820175 0.17584388 0.03333333 0.47236842
 0.         0.0625    ]
[2779, 157, 550, 155, 112, 217, 170, 239, 123, 189, 89, 97, 54, 219, 141, 211, 194, 152, 110, 107, 107, 55, 110, 119, 215, 185, 260, 131, 136, 85, 101, 37, 156, 107, 90, 93, 110, 128, 168, 396, 121, 436, 150, 193, 139, 329, 120, 76, 118, 88, 96, 94, 54, 165, 68, 135, 615, 185, 211, 146, 512, 175, 241, 205, 84, 157, 128, 209, 60, 121, 9, 180, 118, 220, 228, 158, 30, 95, 8, 32]
