C:\Users\Dragos\AppData\Local\Programs\Python\Python37-64\python.exe E:/Universitate/Licenta/PublicTransportDetector/generate_anchors.py
C:\Users\Dragos\datasets\PublicTransport\train\Bus_Car_Vehicle registration plate 30939
C:\Users\Dragos\datasets\PublicTransport\test\Bus_Car_Vehicle registration plate 14894
C:\Users\Dragos\datasets\PublicTransport\validation\Bus_Car_Vehicle registration plate 4967
(120940, 4) (5, 4)
1 1181779.323301735 120940
2 3938.3832323179845 2463
3 1165.1432946800549 1948
4 720.0572599189916 1317
5 472.8088703751014 1031
6 388.5473164286183 869
7 415.44960157133903 857
8 369.4181715598509 828
9 330.82163015913324 689
10 333.45518513281536 528
11 373.81111847980196 664
12 279.25420811532985 600
13 295.6719760619261 488
14 275.1590815642942 404
15 234.77182114204845 619
16 341.99993907465586 450
17 323.28421588261796 511
18 330.1022627782796 478
19 330.43597570717696 416
20 267.0867044962852 279
21 252.23505090766957 493
22 239.0357929230771 469
23 233.04991553858457 535
24 356.3712166858592 747
25 508.08103047049366 899
26 406.67916251090554 900
27 385.6500389373662 851
28 422.56752701948614 963
29 444.5355446099916 991
30 435.8732577666065 906
31 484.7544269203157 956
32 350.9960689565063 849
33 311.74908115192625 856
34 284.39969537101535 691
35 315.6453541403778 657
36 330.2048658158595 597
37 265.35828015285813 629
38 396.555836967267 766
39 326.9000432095645 889
40 349.0378146497619 748
41 367.11865802448557 707
42 290.0716419477971 737
43 272.2649438456109 731
44 375.40176330763813 760
45 381.136121360217 827
46 307.57174259921294 620
47 285.2557389281993 592
48 298.03433647852853 650
49 255.309558599669 560
50 252.96157544270287 608
51 318.2667246445452 592
52 182.25819195944214 471
53 261.8441677523875 418
54 148.5910539095002 251
55 156.26073899562527 409
56 188.67335863453437 346
57 277.117742941495 401
58 248.84323857616675 376
59 216.0173598573227 427
60 162.99343337389794 382
61 122.08479641998694 307
62 243.02905185881767 607
63 431.4486336910427 767
64 383.48385907176385 828
65 301.17193712438865 751
66 352.59603991643564 931
67 376.33633120546324 944
68 340.1731925682534 678
69 351.45077844735647 682
70 295.6313010976638 712
71 223.03848772487873 542
72 203.41428672101142 568
73 186.93083759403922 471
74 185.92446206927096 491
75 243.45203653689381 564
76 197.42413619899526 452
77 167.14862143747695 403
78 138.43046993359226 318
79 172.7776367601928 349
80 197.43346911564413 400
81 110.82464026882175 314
82 141.31373677109195 333
83 85.2864405725247 141
84 50.99024200433516 89
85 74.11995621460714 151
86 152.7911240964292 230
87 185.82597397567162 216
88 116.02233864264396 158
89 112.6679650624418 105
90 75.52841478065758 178
91 44.01930627607133 66
92 41.853299118785344 108
93 37.338715596035044 47
94 0.0 0
[[114 130 294 280]
 [318 117 396 207]
 [ 15 130  86 221]
 [ 65 282 169 353]
 [295 266 376 339]]
Time to generate anchors:  752.5665793418884
[[114 130 294 280]
 [318 117 396 207]
 [ 15 130  86 221]
 [ 65 282 169 353]
 [295 266 376 339]]

Process finished with exit code 0
