1 1125795.5962946457 120940
2 18086.27045453852 19304
3 13160.82292129058 16200
4 11612.70010417193 14993
5 11557.027174704337 14674
6 9651.3968784098 12286
7 8868.693974230075 11366
8 7926.253540746934 10183
9 7246.039930075285 9177
10 7379.63964617358 9657
11 6224.019320120281 8114
12 6342.561809184045 8124
13 5573.322343286353 7333
14 4287.275252446115 5856
15 3983.475198201919 5299
16 5303.7729121647035 6724
17 4687.132117373406 4360
18 3686.0689222128067 4201
19 2988.8721789908973 3827
20 2837.471160782022 3584
21 1201.0509257258552 1500
22 2524.536704220721 3272
23 2445.8264572184 2657
24 2609.9004907681588 2987
25 1638.4733050258435 1751
26 1618.7264493623659 1497
27 2079.7454399233343 2298
28 2781.715347086044 2420
29 1461.1658333221858 1410
30 2630.83276111286 2283
31 1807.1490178489935 1970
32 989.657328886957 765
33 0.0 0
[[ 34  32]
 [ 14  12]
 [ 88  82]
 [  6   5]
 [309 263]]
Time to generate anchors:  350.5773055553436
[[ 34  32]
 [ 14  12]
 [ 88  82]
 [  6   5]
 [309 263]]